1403715278362142976
1403715278412143104
1403715278462142976
1403715278512143104
1403715278562142976
1403715278612143104
1403715278662142976
1403715278712143104
1403715278762142976
1403715278812143104
1403715278862142976
1403715278912143104
1403715278962142976
1403715279012143104
1403715279062142976
1403715279112143104
1403715279162142976
1403715279212143104
1403715279262142976
1403715279312143104
1403715279362142976
1403715279412143104
1403715279462142976
1403715279512143104
1403715279562142976
1403715279612143104
1403715279662142976
1403715279712143104
1403715279762142976
1403715279812143104
1403715279862142976
1403715279912143104
1403715279962142976
1403715280012143104
1403715280062142976
1403715280112143104
1403715280162142976
1403715280212143104
1403715280262142976
1403715280312143104
1403715280362142976
1403715280412143104
1403715280462142976
1403715280512143104
1403715280562142976
1403715280612143104
1403715280662142976
1403715280712143104
1403715280762142976
1403715280812143104
1403715280862142976
1403715280912143104
1403715280962142976
1403715281012143104
1403715281062142976
1403715281112143104
1403715281162142976
1403715281212143104
1403715281262142976
1403715281312143104
1403715281362142976
1403715281412143104
1403715281462142976
1403715281512143104
1403715281562142976
1403715281612143104
1403715281662142976
1403715281712143104
1403715281762142976
1403715281812143104
1403715281862142976
1403715281912143104
1403715281962142976
1403715282012143104
1403715282062142976
1403715282112143104
1403715282162142976
1403715282212143104
1403715282262142976
1403715282312143104
1403715282362142976
1403715282412143104
1403715282462142976
1403715282512143104
1403715282562142976
1403715282612143104
1403715282662142976
1403715282712143104
1403715282762142976
1403715282812143104
1403715282862142976
1403715282912143104
1403715282962142976
1403715283012143104
1403715283062142976
1403715283112143104
1403715283162142976
1403715283212143104
1403715283262142976
1403715283312143104